12
0 1  316
0 2  282
0 3  500
0 4  223
0 5  400
0 6  632
0 7  360
0 8  424
0 9  200
0 10 583
0 11 600
1 2  141
1 3  300
1 4  223
1 5  424
1 6  509
1 7  223
1 8  200
1 9  141
1 10 400
1 11 583
2 3  223
2 4  100
2 5  282
2 6  400
2 7  100
2 8  141
2 9  200
2 10 316
2 11 447
3 4  282
3 5  300
3 6  223
3 7  141
3 8  100
3 9  412
3 10 100
3 11 360
4 5  223
4 6  412
4 7  141
4 8  223
4 9  223
4 10 360
4 11 412
5 6  282
5 7  223
5 8  316
5 9  447
5 10 316
5 11 200
6 7  300
6 8  316
6 9  600
6 10 141
6 11 200
7 8  100
7 9  300
7 10 223
7 11 360
8 9  316
8 10 200
8 11 424
9 10 509
9 11 632
10 11 316
Menor distancia: 1869
Rota: 0 4 5 11 6 10 3 8 7 2 1 9 0

4
2 3 34
2 1 19
0 3 27
3 1 17
0 1 16
2 0 28
Menor distancia: 91
Rota: 0 3 1 2 0

5
0 1 19
0 2 28
0 3 27
0 4 13
1 2 17
1 3 29
1 4 28
2 3 18
2 4 30
3 4 20
Menor distancia: 87
Rota: 0 1 2 3 4 0 

6
0 1 19
0 2 28
0 3 27
0 4 13
1 2 17
1 3 29
1 4 28
2 3 18
2 4 30
3 4 20
0 5 33
1 5 43
2 5 36
3 5 19
4 5 20
Menor distancia: 106
Rota: 0 1 2 3 5 4 0

7
0 1 19
0 2 28
0 3 27
0 4 13
1 2 17
1 3 29
1 4 28
2 3 18
2 4 30
3 4 20
0 5 33
1 5 43
2 5 36
3 5 19
4 5 20
0 6 40
1 6 21
2 6 22
3 6 40
4 6 48
5 6 58
Menor distancia: 132
Rota: 0 1 6 2 3 5 4 0

5
0 1 24
0 2 30
0 3 34
0 4 55
1 2 32
1 3 46
1 4 52
2 3 18
2 4 25
3 4 31
Menor distancia: 146
Rota: 0 1 2 4 3 0